44065779
44067349
44067771
44068985
44069465
44069627
44070001
44071802
44073157
44073154
44073508
44073914
44073950
44074606
44074666
44075452
44075637
44075982
44076164
44076182
44076178
44076242
44076466
44076481
44076988
44077071
44077179
44077230
44077359
44077392
44077780
44078229
44078564
44078629
44078643
44078742
44078961
44079441
44080044
44080235
44080355
44081078
44081913
44082003
44082229
44082387
44082415
44082564
44082561
44082630
44082886
44083557
44083614
44083687
44083751
44083776
44084061
44084222
44084248
44084286
44084417
44084456
44084554
44084616
44084723
44084797
44085020
44085255
44085796
44085931
44085984
44085966
44086002
44086280
44087183
44087299
44090892
44090938
44091352
44091421
44091442
44091465
44091512
44091551
44091574
44091557
44091622
44091984
44094143
44094279
44094281
44094299
44094334
44094338
44094795
44095231
44095666
44095766
44095848
44095930
44095988
44095995
44095991
44096129
44096140
44097421
44097781
44100273
44101265
44102619
44102696
44102763
44118747
44120121
44120494
44121189
44122257
44122563
44122774
44123195
44123860
44124128
44125100
44125175
44125511
44126384
44127401
44127715
44127873
44129614
44129683
44129730
44129726
44129793
44129809
44129816
44129853
44129859
44129906
44129992
44130016
44130120
44130276
44130286
44130306
44130462
44130665
44130729
44130741
44130772
44130805
44130879
44130908
44130916
44130997
44131074
44131236
44131423
44131441
44131488
44131681
44131752
44131839
44132807
44132883
44133131
44133315
44133299
44133442
44133721
44133991
44134030
44135448
44135513
44135542
44135758
44135837
44136189
44136373
44136816
44136901
44137745
44142443
44142439
44142913
44143306
44145753
44146109
44147317
44147545
44147721
44148923
44149509
44149617
44150053
44150124
44150165
44150509
44150795
44150831
44152138
44159642
44163858
44164871
44165217
44167170
44167895
44168575
44169049
44169306
44169363
44170215
44170586
44170875
44172045
44172086
44172134
44172178
44172228
44172600
44172771
44172796
44172872
44172894
44173013
44173023
44173184
44173239
44173408
44173497
44174085
44174095
44174301
44174382
44174415
44174749
44175032
44175277
44175415
44175645
44175689
44176185
44176157
44176298
44176334
44178053
44178302
44178457
44178816
44178979
44179232
44179848
44180035
44180375
44180445
44180544
44180597
44180631
44180775
44180779
44180942
44181050
44181222
44181297
44181337
44181699
44181746
44181757
44181905
44181965
44182074
44182176
44182320
44182667
44182778
44182869
44182893
44182962
44183034
44184768
44186716
44186812
44187407
44187473
44187515
44188183
44188876
44189178
44189319
44190048
44191033
44192048
44192238
44192298
44193358
44193439
44194116
44194775
44195960
44196313
44197043
44197391
44197657
44197933
44198031
44198087
44199033
44199074
44199128
44199139
44199273
44199315
44199355
44199769
44199767
44199792
44199854
44199958
44199956
44200020
44200175
44200350
44200553
44200698
44200950
44200990
44201191
44201242
44201278
44201430
44201540
44201578
44201753
44201954
44202006
44202080
44202168
44202237
44202310
44202465
44202492
44202504
44202760
44202783
44202897
44202907
44202997
44203042
44204548
44204635
44204747
44204764
44204904
44205038
44205088
44205427
44205570
44205793
44205940
44206017
44206127
44206261
44206583
44206828
44206844
44206875
44207114
44207175
44207476
44207490
44207491
44207494
44207605
44207652
44207862
44207869
44207949
44208027
44208028
44208403
44208579
44208599
44208562
44208739
44208813
44208905
44209033
44209057
44209282
44209313
44209468
44211518
44212027
44212145
44213381
44214479
44214698
44215652
44216296
44217187
44217729
44217890
44218662
44219301
44219766
44219998
44220254
44220387
44220584
44221020
44221034
44221518
44221640
44222750
44223046
